{
  "__type__": "cc.Model",
  "_name": "Spider",
  "_nodes": [
    {
      "name": "RootNode",
      "scale": [
        1,
        1,
        1
      ],
      "children": [
        1,
        2,
        69,
        70,
        71,
        72
      ],
      "position": [
        0,
        0,
        0
      ],
      "quat": [
        0,
        0,
        0,
        1
      ],
      "path": ""
    },
    {
      "name": "Hemi",
      "scale": [
        1,
        1,
        1
      ],
      "extensions": {
        "KHR_lights_punctual": {
          "light": 0
        }
      },
      "parent": null,
      "position": [
        -1.14140617847443,
        1.52457022666931,
        -1.23160147666931
      ],
      "quat": [
        -3.77489506320217e-8,
        0,
        0,
        1
      ],
      "path": "Hemi"
    },
    {
      "name": "Box",
      "scale": [
        1,
        1,
        1
      ],
      "children": [
        3
      ],
      "mesh": 1,
      "parent": null,
      "position": [
        0,
        0,
        0
      ],
      "quat": [
        -0.707106828689575,
        0,
        0,
        0.707106709480286
      ],
      "path": "Box"
    },
    {
      "name": "Spider_Armature",
      "scale": [
        20,
        20,
        20
      ],
      "children": [
        4
      ],
      "parent": null,
      "position": [
        0,
        0.00242229690775275,
        0.410054385662079
      ],
      "quat": [
        -1.05879119984509e-23,
        0,
        0,
        1
      ],
      "path": "Box/Spider_Armature"
    },
    {
      "name": "Body.003",
      "scale": [
        1,
        1,
        1
      ],
      "children": [
        5,
        53,
        55,
        57,
        59,
        61,
        63,
        65,
        67
      ],
      "parent": null,
      "position": [
        -7.63621943455917e-11,
        -0.000505723932292312,
        -2.38418573772492e-9
      ],
      "quat": [
        -0.49086207151413,
        0.163784965872765,
        0.850466191768646,
        -0.0945313423871994
      ],
      "path": "Box/Spider_Armature/Body.003",
      "uniqueBindPose": [
        -0.5002362728118896,
        -1.7109732652897947e-7,
        -0.8658888936042786,
        0,
        -0.32158300280570984,
        -0.9284765124320984,
        0.18578320741653442,
        0,
        -0.8039575815200806,
        0.3713906705379486,
        0.46445757150650024,
        0,
        0.0162817370146513,
        -0.008196523413062096,
        -0.009406187571585178,
        1
      ]
    },
    {
      "name": "Body.002",
      "scale": [
        1.00000107288361,
        1.00000047683716,
        1.00000035762787
      ],
      "children": [
        6
      ],
      "parent": null,
      "position": [
        -0.00853804126381874,
        0.00227464199997485,
        0.00493254931643605
      ],
      "quat": [
        0.889086544513702,
        -0.188431367278099,
        -0.416842609643936,
        0.0161550976336002
      ],
      "path": "Box/Spider_Armature/Body.003/Body.002",
      "uniqueBindPose": [
        0.34564876556396484,
        1.6969312355286092e-7,
        0.9383635520935059,
        0,
        0.0000020980787667213008,
        0.9999993443489075,
        -9.536736342852237e-7,
        0,
        -0.9383626580238342,
        0.0000022983981580182444,
        0.34564897418022156,
        0,
        0.02862258069217205,
        -0.000923353189136833,
        -0.01054321974515915,
        1
      ]
    },
    {
      "name": "Body",
      "scale": [
        1,
        1,
        1.00000011920929
      ],
      "children": [
        7,
        9,
        13,
        17,
        21,
        25,
        29,
        31,
        35,
        39,
        43,
        47,
        51
      ],
      "parent": null,
      "position": [
        0.0063872360624373,
        0.00795572064816952,
        -0.00235274224542081
      ],
      "quat": [
        -0.571991980075836,
        8.27930080049555e-7,
        0.820259213447571,
        -5.59616296413878e-7
      ],
      "path": "Box/Spider_Armature/Body.003/Body.002/Body",
      "uniqueBindPose": [
        -0.9999998807907104,
        0.0000017427099692213233,
        3.099434309206117e-7,
        0,
        -0.0000017427111060897005,
        -0.9999995231628418,
        -0.0000016869400951691205,
        0,
        3.099409013884724e-7,
        -0.000001686942368905875,
        0.9999984502792358,
        0,
        2.1955528950456937e-8,
        0.008879058063030243,
        -0.020502673462033272,
        1
      ]
    },
    {
      "name": "Body2",
      "scale": [
        1,
        1,
        1
      ],
      "children": [
        8
      ],
      "parent": null,
      "position": [
        7.72792940750833e-9,
        0.0180000048130751,
        -0.00100003555417061
      ],
      "quat": [
        -6.51925688543997e-7,
        4.02331806981238e-7,
        -5.61477691007894e-7,
        1
      ],
      "path": "Box/Spider_Armature/Body.003/Body.002/Body/Body2",
      "uniqueBindPose": [
        -1,
        6.197547577357909e-7,
        -5.066369794803904e-7,
        0,
        -6.197536208674137e-7,
        -0.9999995827674866,
        -0.0000029907891985203605,
        0,
        -5.066395374342392e-7,
        -0.0000029907916996307904,
        0.9999984502792358,
        0,
        4.162140143648685e-8,
        -0.009120921604335308,
        -0.019502662122249603,
        1
      ]
    },
    {
      "name": "Body2_end",
      "scale": [
        1,
        1,
        1
      ],
      "parent": null,
      "position": [
        1.35525268531462e-22,
        0.0300000049173832,
        0
      ],
      "quat": [
        6.7762635780344e-21,
        1.9623309069172e-21,
        1.6940658945086e-21,
        1
      ],
      "path": "Box/Spider_Armature/Body.003/Body.002/Body/Body2/Body2_end"
    },
    {
      "name": "v_B1_L",
      "scale": [
        1,
        1.00000011920929,
        1
      ],
      "children": [
        10
      ],
      "parent": null,
      "position": [
        0.00580954737961292,
        0.00496197026222944,
        -0.00296620070002973
      ],
      "quat": [
        0.0681136697530746,
        0.131240665912628,
        0.942574858665466,
        -0.299481362104416
      ],
      "path": "Box/Spider_Armature/Body.003/Body.002/Body/v_B1_L",
      "uniqueBindPose": [
        0.798255205154419,
        -0.6022893190383911,
        -0.00598186906427145,
        0,
        0.559370756149292,
        0.7449820637702942,
        -0.363462895154953,
        0,
        0.22336652874946594,
        0.2867904603481293,
        0.931587815284729,
        0,
        -0.0014706668443977833,
        -0.01144645269960165,
        -0.014947851188480854,
        1
      ]
    },
    {
      "name": "v_B2_L",
      "scale": [
        1.00000011920929,
        1,
        1
      ],
      "children": [
        11
      ],
      "parent": null,
      "position": [
        -5.9604643443123e-10,
        0.0159352719783783,
        -1.04308128801023e-9
      ],
      "quat": [
        -0.261838555335999,
        0.138228580355644,
        -0.132839813828468,
        0.945878982543945
      ],
      "path": "Box/Spider_Armature/Body.003/Body.002/Body/v_B1_L/v_B2_L",
      "uniqueBindPose": [
        0.9429858326911926,
        -0.3319532573223114,
        -0.02417779341340065,
        0,
        0.328265517950058,
        0.9155951738357544,
        0.23221999406814575,
        0,
        -0.05494920536875725,
        -0.22691701352596283,
        0.9723615050315857,
        0,
        0.010560648515820503,
        -0.014554012566804886,
        -0.025534532964229584,
        1
      ]
    },
    {
      "name": "v_B3_L",
      "scale": [
        0.999999940395355,
        1,
        1
      ],
      "children": [
        12
      ],
      "parent": null,
      "position": [
        -5.21540644005114e-10,
        0.0184239894151688,
        0
      ],
      "quat": [
        -0.230955675244331,
        0.0379324033856392,
        -0.20371975004673,
        0.950641274452209
      ],
      "path": "Box/Spider_Armature/Body.003/Body.002/Body/v_B1_L/v_B2_L/v_B3_L",
      "uniqueBindPose": [
        0.9892587065696716,
        0.146173357963562,
        -9.482176324127067e-7,
        0,
        -0.10672363638877869,
        0.7222776412963867,
        0.6833175420761108,
        0,
        0.09988366812467575,
        -0.6759775876998901,
        0.7301199436187744,
        0,
        0.022986717522144318,
        -0.00832418818026781,
        -0.03540348261594772,
        1
      ]
    },
    {
      "name": "v_B3_L_end",
      "scale": [
        1,
        1,
        1
      ],
      "parent": null,
      "position": [
        0,
        0.025098180398345,
        4.44089199923895e-18
      ],
      "quat": [
        8.32667268468867e-17,
        -6.93889390390723e-18,
        3.46944695195361e-18,
        1
      ],
      "path": "Box/Spider_Armature/Body.003/Body.002/Body/v_B1_L/v_B2_L/v_B3_L/v_B3_L_end"
    },
    {
      "name": "v2_B1_L",
      "scale": [
        1,
        0.999999821186066,
        1
      ],
      "children": [
        14
      ],
      "parent": null,
      "position": [
        0.00589574361220002,
        0.00832683686167002,
        -0.00355596118606627
      ],
      "quat": [
        -0.245600938796997,
        -0.325200319290161,
        -0.762368202209473,
        0.502712309360504
      ],
      "path": "Box/Spider_Armature/Body.003/Body.002/Body/v2_B1_L",
      "uniqueBindPose": [
        0.430303692817688,
        -0.902024507522583,
        0.034501079469919205,
        0,
        0.5821119546890259,
        0.24807488918304443,
        -0.7743400931358337,
        0,
        0.6899152994155884,
        0.3532855808734894,
        0.6318264007568359,
        0,
        -0.00947629939764738,
        -0.011442105285823345,
        -0.010076415725052357,
        1
      ]
    },
    {
      "name": "v2_B2_L",
      "scale": [
        0.999999940395355,
        1.00000023841858,
        1
      ],
      "children": [
        15
      ],
      "parent": null,
      "position": [
        7.45058015283462e-10,
        0.0146889006718993,
        2.98023217215615e-10
      ],
      "quat": [
        -0.333609342575073,
        0.577718019485474,
        -0.0957591831684113,
        0.738767147064209
      ],
      "path": "Box/Spider_Armature/Body.003/Body.002/Body/v2_B1_L/v2_B2_L",
      "uniqueBindPose": [
        0.6087472438812256,
        -0.7922781109809875,
        0.04148611053824425,
        0,
        0.6505308151245117,
        0.5284010767936707,
        0.5455277562141418,
        0,
        -0.45413145422935486,
        -0.3051007390022278,
        0.8370640277862549,
        0,
        0.018977750092744827,
        -0.010632016696035862,
        -0.020024197176098824,
        1
      ]
    },
    {
      "name": "v2_B3_L",
      "scale": [
        1,
        1.00000023841858,
        1
      ],
      "children": [
        16
      ],
      "parent": null,
      "position": [
        -3.42726691471285e-9,
        0.0204818267375231,
        -5.9604643443123e-10
      ],
      "quat": [
        -0.20404314994812,
        0.157720640301704,
        -0.211823597550392,
        0.942667126655579
      ],
      "path": "Box/Spider_Armature/Body.003/Body.002/Body/v2_B1_L/v2_B2_L/v2_B3_L",
      "uniqueBindPose": [
        0.9165246486663818,
        -0.3999769985675812,
        -4.975642013960169e-7,
        0,
        0.16860444843769073,
        0.3863450884819031,
        0.9068121314048767,
        0,
        -0.36270466446876526,
        -0.8311149477958679,
        0.4215332269668579,
        0,
        0.0356501042842865,
        -0.006746735889464617,
        -0.020316142588853836,
        1
      ]
    },
    {
      "name": "v2_B3_L_end",
      "scale": [
        1,
        1,
        1
      ],
      "parent": null,
      "position": [
        0,
        0.0181952323764563,
        -4.44089199923895e-18
      ],
      "quat": [
        -2.77555756156289e-17,
        9.62964972193618e-34,
        -3.46944695195361e-17,
        1
      ],
      "path": "Box/Spider_Armature/Body.003/Body.002/Body/v2_B1_L/v2_B2_L/v2_B3_L/v2_B3_L_end"
    },
    {
      "name": "v3_B1_L",
      "scale": [
        1.00000011920929,
        0.999999940395355,
        1.00000011920929
      ],
      "children": [
        18
      ],
      "parent": null,
      "position": [
        0.00589575106278062,
        0.0115221925079823,
        -0.00355596444569528
      ],
      "quat": [
        0.346312910318375,
        0.300918996334076,
        -0.527329742908478,
        0.715149223804474
      ],
      "path": "Box/Spider_Armature/Body.003/Body.002/Body/v3_B1_L",
      "uniqueBindPose": [
        -0.34028127789497375,
        -0.9400575160980225,
        0.022365598008036613,
        0,
        0.526576578617096,
        -0.1707967221736908,
        0.8327928781509399,
        0,
        -0.7790524363517761,
        0.29516154527664185,
        0.553131639957428,
        0,
        0.012588029727339745,
        -0.01099578756839037,
        -0.0070406971499323845,
        1
      ]
    },
    {
      "name": "v3_B2_L",
      "scale": [
        1,
        1.00000035762787,
        0.99999988079071
      ],
      "children": [
        19
      ],
      "parent": null,
      "position": [
        5.58793511462596e-10,
        0.0135540198534727,
        2.98023217215615e-10
      ],
      "quat": [
        -0.282877087593079,
        -0.741270065307617,
        0.0382774919271469,
        0.607481777667999
      ],
      "path": "Box/Spider_Armature/Body.003/Body.002/Body/v3_B1_L/v3_B2_L",
      "uniqueBindPose": [
        -0.4124629497528076,
        -0.9105197191238403,
        0.028758684173226357,
        0,
        0.5902339220046997,
        -0.29115450382232666,
        -0.7528950572013855,
        0,
        0.6938998103141785,
        -0.29356732964515686,
        0.6575097441673279,
        0,
        -0.01929609850049019,
        -0.012263733893632889,
        -0.01697009615600109,
        1
      ]
    },
    {
      "name": "v3_B3_L",
      "scale": [
        1,
        1,
        0.999999701976776
      ],
      "children": [
        20
      ],
      "parent": null,
      "position": [
        1.49011603056692e-9,
        0.0182055179029703,
        1.15484000140498e-9
      ],
      "quat": [
        -0.0704662427306175,
        -0.0753645300865173,
        0.240969613194466,
        0.965032815933228
      ],
      "path": "Box/Spider_Armature/Body.003/Body.002/Body/v3_B1_L/v3_B2_L/v3_B3_L",
      "uniqueBindPose": [
        -0.8469127416610718,
        -0.5317308902740479,
        3.0627313662989764e-7,
        0,
        0.25288325548171997,
        -0.4027787446975708,
        -0.8796687722206116,
        0,
        0.4677480459213257,
        -0.7450025677680969,
        0.4755844473838806,
        0,
        -0.034526899456977844,
        -0.01123213954269886,
        -0.016444768756628036,
        1
      ]
    },
    {
      "name": "v3_B3_L_end",
      "scale": [
        1,
        1,
        1
      ],
      "parent": null,
      "position": [
        -4.44089199923895e-18,
        0.0199168436229229,
        0
      ],
      "quat": [
        2.77555756156289e-17,
        0,
        0,
        1
      ],
      "path": "Box/Spider_Armature/Body.003/Body.002/Body/v3_B1_L/v3_B2_L/v3_B3_L/v3_B3_L_end"
    },
    {
      "name": "v4_B1_L",
      "scale": [
        0.99999988079071,
        1,
        0.99999988079071
      ],
      "children": [
        22
      ],
      "parent": null,
      "position": [
        0.00564327882602811,
        0.0148304319009185,
        -0.0033553980756551
      ],
      "quat": [
        0.0725370943546295,
        0.0618164613842964,
        -0.348711639642715,
        0.932371854782104
      ],
      "path": "Box/Spider_Armature/Body.003/Body.002/Body/v4_B1_L",
      "uniqueBindPose": [
        -0.730229914188385,
        -0.6832008957862854,
        -0.0000030247958875406766,
        0,
        0.6579869985580444,
        -0.7032817006111145,
        0.2691600024700165,
        0,
        -0.18389266729354858,
        0.19654692709445953,
        0.9630939960479736,
        0,
        0.0029483516700565815,
        -0.011411238461732864,
        -0.014912598766386509,
        1
      ]
    },
    {
      "name": "v4_B2_L",
      "scale": [
        0.999999940395355,
        0.99999988079071,
        0.99999988079071
      ],
      "children": [
        23
      ],
      "parent": null,
      "position": [
        -1.24797217004868e-9,
        0.0162559058517218,
        1.11758702292519e-9
      ],
      "quat": [
        -0.266224414110184,
        -0.168265953660011,
        0.199880808591843,
        0.927824735641479
      ],
      "path": "Box/Spider_Armature/Body.003/Body.002/Body/v4_B1_L/v4_B2_L",
      "uniqueBindPose": [
        -0.960759162902832,
        -0.2773839235305786,
        -0.0000012498122714532656,
        0,
        0.25634095072746277,
        -0.8878710865974426,
        -0.38206392526626587,
        0,
        0.10597751289606094,
        -0.36707213521003723,
        0.9241340160369873,
        0,
        -0.013791659846901894,
        -0.012613533064723015,
        -0.025440871715545654,
        1
      ]
    },
    {
      "name": "v4_B3_L",
      "scale": [
        0.999999821186066,
        0.999999821186066,
        1
      ],
      "children": [
        24
      ],
      "parent": null,
      "position": [
        -2.75671485638895e-9,
        0.0215301383286715,
        9.68575442072961e-10
      ],
      "quat": [
        -0.167244747281075,
        -0.0326393432915211,
        0.0968867167830467,
        0.980600237846375
      ],
      "path": "Box/Spider_Armature/Body.003/Body.002/Body/v4_B1_L/v4_B2_L/v4_B3_L",
      "uniqueBindPose": [
        -0.999599039554596,
        -0.028321392834186554,
        -7.340171492842273e-8,
        0,
        0.01985122077167034,
        -0.7006428241729736,
        -0.713234543800354,
        0,
        0.020199783146381378,
        -0.7129490375518799,
        0.7009234428405762,
        0,
        -0.022238997742533684,
        -0.01734835095703602,
        -0.034751974046230316,
        1
      ]
    },
    {
      "name": "v4_B3_L_end",
      "scale": [
        1,
        1,
        1
      ],
      "parent": null,
      "position": [
        0,
        0.0163751281797886,
        0
      ],
      "quat": [
        -8.32667268468867e-17,
        -3.46944695195361e-18,
        3.46944695195361e-18,
        1
      ],
      "path": "Box/Spider_Armature/Body.003/Body.002/Body/v4_B1_L/v4_B2_L/v4_B3_L/v4_B3_L_end"
    },
    {
      "name": "FU_1_L",
      "scale": [
        1,
        1,
        1
      ],
      "children": [
        26
      ],
      "parent": null,
      "position": [
        0.0053869909606874,
        -0.00183409207966179,
        -0.00161900499369949
      ],
      "quat": [
        0.729593992233276,
        -9.72266889220919e-7,
        0.590588629245758,
        -0.34481543302536
      ],
      "path": "Box/Spider_Armature/Body.003/Body.002/Body/FU_1_L",
      "uniqueBindPose": [
        -0.30240994691848755,
        -0.40728887915611267,
        -0.8617791533470154,
        0,
        0.407287061214447,
        0.7622036337852478,
        -0.5031513571739197,
        0,
        0.8617794513702393,
        -0.5031493306159973,
        -0.06461457908153534,
        0,
        -0.02226598933339119,
        -0.0008583039743825793,
        0.001968092517927289,
        1
      ]
    },
    {
      "name": "FU_2_L",
      "scale": [
        1,
        1.00000011920929,
        1
      ],
      "children": [
        27
      ],
      "parent": null,
      "position": [
        4.44089199923895e-18,
        0.00616358080878854,
        -6.89178714097238e-10
      ],
      "quat": [
        -0.18600831925869,
        -0.445376813411713,
        0.291936784982681,
        0.825719892978668
      ],
      "path": "Box/Spider_Armature/Body.003/Body.002/Body/FU_1_L/FU_2_L",
      "uniqueBindPose": [
        -0.9349897503852844,
        0.2748335003852844,
        -0.22418777644634247,
        0,
        0.3546137809753418,
        0.736062228679657,
        -0.5765931010246277,
        0,
        0.00654905429109931,
        -0.6186086535453796,
        -0.7856705188751221,
        0,
        -0.012952256947755814,
        0.0005901713739149272,
        0.019515249878168106,
        1
      ]
    },
    {
      "name": "FU_3_L",
      "scale": [
        1.00000011920929,
        1,
        0.999999940395355
      ],
      "children": [
        28
      ],
      "parent": null,
      "position": [
        7.42729711067369e-10,
        0.00644929287955165,
        -4.44089199923895e-18
      ],
      "quat": [
        0.0883733928203583,
        -0.462993055582047,
        0.137574702501297,
        0.871149122714996
      ],
      "path": "Box/Spider_Armature/Body.003/Body.002/Body/FU_1_L/FU_2_L/FU_3_L",
      "uniqueBindPose": [
        -0.6416537165641785,
        0.554804265499115,
        0.5295950770378113,
        0,
        -0.17378591001033783,
        0.5673580765724182,
        -0.8049238324165344,
        0,
        -0.7470452785491943,
        -0.6085188388824463,
        -0.2676307260990143,
        0,
        0.008382984437048435,
        -0.0008625687332823873,
        0.02262558415532112,
        1
      ]
    },
    {
      "name": "FU_3_L_end",
      "scale": [
        1,
        1,
        1
      ],
      "parent": null,
      "position": [
        0,
        0.00590107589960098,
        4.44089199923895e-18
      ],
      "quat": [
        8.32667268468867e-17,
        -1.38777878078145e-17,
        6.93889390390723e-17,
        1
      ],
      "path": "Box/Spider_Armature/Body.003/Body.002/Body/FU_1_L/FU_2_L/FU_3_L/FU_3_L_end"
    },
    {
      "name": "Zahn_L",
      "scale": [
        0.999999761581421,
        1.00000011920929,
        0.999999940395355
      ],
      "children": [
        30
      ],
      "parent": null,
      "position": [
        0.00233563501387835,
        -0.00505672814324498,
        -0.0020259628072381
      ],
      "quat": [
        -0.13582469522953,
        -0.172641739249229,
        0.974108159542084,
        0.0534767434000969
      ],
      "path": "Box/Spider_Armature/Body.003/Body.002/Body/Zahn_L",
      "uniqueBindPose": [
        0.9573836922645569,
        0.05728580430150032,
        0.2830808460712433,
        0,
        -0.2539166808128357,
        0.634013295173645,
        0.7304465174674988,
        0,
        -0.13763302564620972,
        -0.7711958289146423,
        0.6215401887893677,
        0,
        0.008317631669342518,
        0.0055475435219705105,
        -0.02100220136344433,
        1
      ]
    },
    {
      "name": "Zahn_L_end",
      "scale": [
        1,
        1,
        1
      ],
      "parent": null,
      "position": [
        0,
        0.00762479053810239,
        0
      ],
      "quat": [
        0,
        2.42861286636753e-17,
        0,
        1
      ],
      "path": "Box/Spider_Armature/Body.003/Body.002/Body/Zahn_L/Zahn_L_end"
    },
    {
      "name": "v_B1_R",
      "scale": [
        0.999999642372131,
        0.999999940395355,
        0.99999988079071
      ],
      "children": [
        32
      ],
      "parent": null,
      "position": [
        -0.00580955250188708,
        0.00496199494227767,
        -0.0029661909211427
      ],
      "quat": [
        -0.0610469132661819,
        0.128990143537521,
        0.943058848381042,
        0.300457775592804
      ],
      "path": "Box/Spider_Armature/Body.003/Body.002/Body/v_B1_R",
      "uniqueBindPose": [
        0.7982552647590637,
        0.602289617061615,
        -0.005984462331980467,
        0,
        -0.564756453037262,
        0.7449813485145569,
        -0.3550386428833008,
        0,
        -0.209378182888031,
        0.28679147362709045,
        0.9348307847976685,
        0,
        0.0012464204337447882,
        -0.011446494609117508,
        -0.0149682080373168,
        1
      ]
    },
    {
      "name": "v_B2_R",
      "scale": [
        0.999999821186066,
        0.999999940395355,
        0.999999940395355
      ],
      "children": [
        33
      ],
      "parent": null,
      "position": [
        9.68575442072961e-10,
        0.0159352719783783,
        0
      ],
      "quat": [
        -0.257294416427612,
        -0.155364215373993,
        0.141439661383629,
        0.94321596622467
      ],
      "path": "Box/Spider_Armature/Body.003/Body.002/Body/v_B1_R/v_B2_R",
      "uniqueBindPose": [
        0.9429856538772583,
        0.3319542109966278,
        -0.024181274697184563,
        0,
        -0.31593412160873413,
        0.9155950546264648,
        0.24873723089694977,
        0,
        0.10470984131097794,
        -0.22691604495048523,
        0.9682677984237671,
        0,
        -0.011855431832373142,
        -0.014554054476320744,
        -0.02495976723730564,
        1
      ]
    },
    {
      "name": "v_B3_R",
      "scale": [
        0.999999940395355,
        0.99999988079071,
        0.99999988079071
      ],
      "children": [
        34
      ],
      "parent": null,
      "position": [
        1.49011603056692e-9,
        0.0184239558875561,
        1.86264514923096e-9
      ],
      "quat": [
        -0.225656047463417,
        -0.0135528696700931,
        0.209571689367294,
        0.9513019323349
      ],
      "path": "Box/Spider_Armature/Body.003/Body.002/Body/v_B1_R/v_B2_R/v_B3_R",
      "uniqueBindPose": [
        0.9892595410346985,
        -0.1461719423532486,
        -8.71850502903726e-8,
        0,
        0.10672365874052048,
        0.72227942943573,
        0.6833158731460571,
        0,
        -0.09988176822662354,
        -0.675976037979126,
        0.7301217317581177,
        0,
        -0.02298680692911148,
        -0.00832424033433199,
        -0.03540344163775444,
        1
      ]
    },
    {
      "name": "v_B3_R_end",
      "scale": [
        1,
        1,
        1
      ],
      "parent": null,
      "position": [
        0,
        0.025098180398345,
        0
      ],
      "quat": [
        1.38777878078145e-16,
        -3.46944695195361e-18,
        3.46944695195361e-18,
        1
      ],
      "path": "Box/Spider_Armature/Body.003/Body.002/Body/v_B1_R/v_B2_R/v_B3_R/v_B3_R_end"
    },
    {
      "name": "v2_B1_R",
      "scale": [
        1,
        1,
        1
      ],
      "children": [
        36
      ],
      "parent": null,
      "position": [
        -0.00589574035257101,
        0.00832686200737953,
        -0.00355595303699374
      ],
      "quat": [
        -0.305745482444763,
        0.364337384700775,
        0.740299701690674,
        0.475115090608597
      ],
      "path": "Box/Spider_Armature/Body.003/Body.002/Body/v2_B1_R",
      "uniqueBindPose": [
        0.4303039312362671,
        0.90202397108078,
        0.034499701112508774,
        0,
        -0.4512973427772522,
        0.2480735182762146,
        -0.8571979403495789,
        0,
        -0.7817721962928772,
        0.3532865345478058,
        0.5138279795646667,
        0,
        0.010960724204778671,
        -0.011442161165177822,
        -0.008437789976596832,
        1
      ]
    },
    {
      "name": "v2_B2_R",
      "scale": [
        1,
        1.00000023841858,
        1
      ],
      "children": [
        37
      ],
      "parent": null,
      "position": [
        -2.98023217215615e-10,
        0.0146889025345445,
        6.33299357399864e-10
      ],
      "quat": [
        -0.344084501266479,
        -0.586516678333282,
        0.0455015301704407,
        0.731801629066467
      ],
      "path": "Box/Spider_Armature/Body.003/Body.002/Body/v2_B1_R/v2_B2_R",
      "uniqueBindPose": [
        0.6087467074394226,
        0.7922788262367249,
        0.0414806492626667,
        0,
        -0.7185250520706177,
        0.5284015536308289,
        0.4522300660610199,
        0,
        0.33637404441833496,
        -0.30509892106056213,
        0.8909348845481873,
        0,
        -0.01608578860759735,
        -0.010632089339196682,
        -0.022413650527596474,
        1
      ]
    },
    {
      "name": "v2_B3_R",
      "scale": [
        1,
        0.999999761581421,
        0.999999940395355
      ],
      "children": [
        38
      ],
      "parent": null,
      "position": [
        2.98023217215615e-10,
        0.0204817857593298,
        2.98023217215615e-10
      ],
      "quat": [
        -0.217971533536911,
        -0.221447438001633,
        0.197459250688553,
        0.92976301908493
      ],
      "path": "Box/Spider_Armature/Body.003/Body.002/Body/v2_B1_R/v2_B2_R/v2_B3_R",
      "uniqueBindPose": [
        0.9165233373641968,
        0.3999795913696289,
        -4.2233239128108835e-7,
        0,
        -0.16860471665859222,
        0.386345773935318,
        0.9068122506141663,
        0,
        0.3627067804336548,
        -0.8311144709587097,
        0.4215337634086609,
        0,
        -0.035650141537189484,
        -0.006746774539351463,
        -0.0203161109238863,
        1
      ]
    },
    {
      "name": "v2_B3_R_end",
      "scale": [
        1,
        1,
        1
      ],
      "parent": null,
      "position": [
        0,
        0.0181952025741339,
        0
      ],
      "quat": [
        -2.77555756156289e-17,
        1.38777878078145e-17,
        4.85722573273506e-17,
        1
      ],
      "path": "Box/Spider_Armature/Body.003/Body.002/Body/v2_B1_R/v2_B2_R/v2_B3_R/v2_B3_R_end"
    },
    {
      "name": "v3_B1_R",
      "scale": [
        0.999999940395355,
        0.999999701976776,
        1
      ],
      "children": [
        40
      ],
      "parent": null,
      "position": [
        -0.00589573243632913,
        0.0115222157910466,
        -0.00355595792643726
      ],
      "quat": [
        0.380152732133865,
        -0.347178816795349,
        0.503478288650513,
        0.693873465061188
      ],
      "path": "Box/Spider_Armature/Body.003/Body.002/Body/v3_B1_R",
      "uniqueBindPose": [
        -0.3402825593948364,
        0.9400567412376404,
        0.02236936241388321,
        0,
        -0.4130353331565857,
        -0.17079778015613556,
        0.8945550322532654,
        0,
        0.8447527289390564,
        0.29516252875328064,
        0.4463965594768524,
        0,
        -0.013401305302977562,
        -0.010995844379067421,
        -0.005332387518137693,
        1
      ]
    },
    {
      "name": "v3_B2_R",
      "scale": [
        1,
        1.00000011920929,
        1
      ],
      "children": [
        41
      ],
      "parent": null,
      "position": [
        -1.49011608607807e-10,
        0.0135540151968598,
        2.23517412911711e-10
      ],
      "quat": [
        -0.285454154014587,
        0.738850653171539,
        0.000213995066587813,
        0.610422492027283
      ],
      "path": "Box/Spider_Armature/Body.003/Body.002/Body/v3_B1_R/v3_B2_R",
      "uniqueBindPose": [
        -0.4124632477760315,
        0.9105202555656433,
        0.028755540028214455,
        0,
        -0.689003050327301,
        -0.2911562919616699,
        -0.6637024283409119,
        0,
        -0.595942497253418,
        -0.29356613755226135,
        0.747441828250885,
        0,
        0.016754459589719772,
        -0.012263800017535686,
        -0.019483638927340508,
        1
      ]
    },
    {
      "name": "v3_B3_R",
      "scale": [
        0.999999940395355,
        1,
        0.999999940395355
      ],
      "children": [
        42
      ],
      "parent": null,
      "position": [
        -4.47034809170077e-9,
        0.01820551417768,
        -1.19209286886246e-9
      ],
      "quat": [
        -0.0870553776621819,
        0.14230352640152,
        -0.235483065247536,
        0.957454323768616
      ],
      "path": "Box/Spider_Armature/Body.003/Body.002/Body/v3_B1_R/v3_B2_R/v3_B3_R",
      "uniqueBindPose": [
        -0.8469125032424927,
        0.5317316651344299,
        -0.0000018934871377496165,
        0,
        -0.2528829574584961,
        -0.4027808606624603,
        -0.8796682357788086,
        0,
        -0.4677486717700958,
        -0.745002031326294,
        0.4755858778953552,
        0,
        0.03452692925930023,
        -0.011232171207666397,
        -0.016444789245724678,
        1
      ]
    },
    {
      "name": "v3_B3_R_end",
      "scale": [
        1,
        1,
        1
      ],
      "parent": null,
      "position": [
        -4.44089199923895e-18,
        0.0199168398976326,
        0
      ],
      "quat": [
        2.77555756156289e-17,
        -1.38777878078145e-17,
        -1.38777878078145e-17,
        1
      ],
      "path": "Box/Spider_Armature/Body.003/Body.002/Body/v3_B1_R/v3_B2_R/v3_B3_R/v3_B3_R_end"
    },
    {
      "name": "v4_B1_R",
      "scale": [
        1,
        0.99999988079071,
        0.999999940395355
      ],
      "children": [
        44
      ],
      "parent": null,
      "position": [
        -0.00564324855804443,
        0.0148304486647248,
        -0.00335538852959871
      ],
      "quat": [
        0.0725365281105042,
        -0.0618162155151367,
        0.348709464073181,
        0.932372748851776
      ],
      "path": "Box/Spider_Armature/Body.003/Body.002/Body/v4_B1_R",
      "uniqueBindPose": [
        -0.7302303910255432,
        0.6832004189491272,
        0.0000023114127998269396,
        0,
        -0.6579868793487549,
        -0.7032816410064697,
        0.26916009187698364,
        0,
        0.18389220535755157,
        0.1965475231409073,
        0.9630939960479736,
        0,
        -0.002948310924693942,
        -0.011411276645958424,
        -0.014912601560354233,
        1
      ]
    },
    {
      "name": "v4_B2_R",
      "scale": [
        1.00000011920929,
        1.00000011920929,
        1.00000011920929
      ],
      "children": [
        45
      ],
      "parent": null,
      "position": [
        4.8428772103648e-10,
        0.0162559114396572,
        2.22044599961948e-18
      ],
      "quat": [
        -0.26622399687767,
        0.168265730142593,
        -0.199880674481392,
        0.927824974060059
      ],
      "path": "Box/Spider_Armature/Body.003/Body.002/Body/v4_B1_R/v4_B2_R",
      "uniqueBindPose": [
        -0.9607588648796082,
        0.2773844301700592,
        5.880652906853356e-7,
        0,
        -0.2563411593437195,
        -0.8878716826438904,
        -0.38206279277801514,
        0,
        -0.10597791522741318,
        -0.36707091331481934,
        0.9241346716880798,
        0,
        0.013791707344353199,
        -0.012613583356142044,
        -0.025440867990255356,
        1
      ]
    },
    {
      "name": "v4_B3_R",
      "scale": [
        0.999999940395355,
        1,
        0.99999988079071
      ],
      "children": [
        46
      ],
      "parent": null,
      "position": [
        3.87430176829184e-9,
        0.0215301271528006,
        1.22934573631994e-9
      ],
      "quat": [
        -0.167244896292686,
        0.0326394326984882,
        -0.0968865752220154,
        0.980600237846375
      ],
      "path": "Box/Spider_Armature/Body.003/Body.002/Body/v4_B1_R/v4_B2_R/v4_B3_R",
      "uniqueBindPose": [
        -0.999598503112793,
        0.028321973979473114,
        -4.269789712907368e-7,
        0,
        -0.01985127106308937,
        -0.7006428241729736,
        -0.7132343649864197,
        0,
        -0.020200543105602264,
        -0.7129486799240112,
        0.700923502445221,
        0,
        0.022239048033952713,
        -0.017348339781165123,
        -0.03475198522210121,
        1
      ]
    },
    {
      "name": "v4_B3_R_end",
      "scale": [
        1,
        1,
        1
      ],
      "parent": null,
      "position": [
        -4.44089199923895e-18,
        0.0163751188665628,
        0
      ],
      "quat": [
        2.77555756156289e-17,
        -3.46944695195361e-18,
        3.46944695195361e-18,
        1
      ],
      "path": "Box/Spider_Armature/Body.003/Body.002/Body/v4_B1_R/v4_B2_R/v4_B3_R/v4_B3_R_end"
    },
    {
      "name": "FU_1_R",
      "scale": [
        1,
        1,
        0.999999940395355
      ],
      "children": [
        48
      ],
      "parent": null,
      "position": [
        -0.00538702728226781,
        -0.00183407601434737,
        -0.00161899742670357
      ],
      "quat": [
        0.798855483531952,
        -0.325367093086243,
        0.492879539728165,
        -0.114175133407116
      ],
      "path": "Box/Spider_Armature/Body.003/Body.002/Body/FU_1_R",
      "uniqueBindPose": [
        -0.3024120628833771,
        0.40729132294654846,
        -0.8617769479751587,
        0,
        0.6323897838592529,
        0.7622015476226807,
        0.1383141428232193,
        0,
        0.713182270526886,
        -0.5031511783599854,
        -0.488066166639328,
        0,
        -0.018613295629620552,
        -0.0008582830778323114,
        0.012377153150737286,
        1
      ]
    },
    {
      "name": "FU_2_R",
      "scale": [
        0.999999940395355,
        0.999999940395355,
        0.99999988079071
      ],
      "children": [
        49
      ],
      "parent": null,
      "position": [
        4.44089199923895e-18,
        0.00616357708349824,
        1.49011608607807e-10
      ],
      "quat": [
        0.271445453166962,
        -0.452515810728073,
        -0.214812263846397,
        0.821828722953796
      ],
      "path": "Box/Spider_Armature/Body.003/Body.002/Body/FU_1_R/FU_2_R",
      "uniqueBindPose": [
        -0.9349900484085083,
        -0.2748328149318695,
        -0.22418834269046783,
        0,
        -0.054581087082624435,
        0.7360627055168152,
        -0.67470782995224,
        0,
        0.3504491448402405,
        -0.6186083555221558,
        -0.7032120823860168,
        0,
        0.0026941841933876276,
        0.0005901838303543627,
        0.023266885429620743,
        1
      ]
    },
    {
      "name": "FU_3_R",
      "scale": [
        1,
        0.999999821186066,
        1
      ],
      "children": [
        50
      ],
      "parent": null,
      "position": [
        5.21540644005114e-10,
        0.00644928915426135,
        -1.04308128801023e-9
      ],
      "quat": [
        0.0189756900072098,
        -0.41738349199295,
        -0.162409767508507,
        0.893898189067841
      ],
      "path": "Box/Spider_Armature/Body.003/Body.002/Body/FU_1_R/FU_2_R/FU_3_R",
      "uniqueBindPose": [
        -0.6416522860527039,
        -0.554804801940918,
        0.5295971632003784,
        0,
        -0.7573707699775696,
        0.567357063293457,
        -0.3232564330101013,
        0,
        -0.12112659215927124,
        -0.6085195541381836,
        -0.7842391729354858,
        0,
        0.020625663921236992,
        -0.0008624870679341257,
        0.012520943768322468,
        1
      ]
    },
    {
      "name": "FU_3_R_end",
      "scale": [
        1,
        1,
        1
      ],
      "parent": null,
      "position": [
        -4.44089199923895e-18,
        0.00590107589960098,
        2.22044599961948e-18
      ],
      "quat": [
        -1.38777878078145e-17,
        4.16333634234434e-17,
        2.77555756156289e-17,
        1
      ],
      "path": "Box/Spider_Armature/Body.003/Body.002/Body/FU_1_R/FU_2_R/FU_3_R/FU_3_R_end"
    },
    {
      "name": "Zahn_R",
      "scale": [
        0.999999821186066,
        0.999999582767487,
        0.999999821186066
      ],
      "children": [
        52
      ],
      "parent": null,
      "position": [
        -0.00233568344265223,
        -0.00505672488361597,
        -0.00202595954760909
      ],
      "quat": [
        -0.145955234766006,
        -0.180719211697578,
