{
  "__type__": "cc.Model",
  "_name": "Spider_2",
  "_nodes": [
    {
      "name": "RootNode",
      "scale": [
        1,
        1,
        1
      ],
      "children": [
        1,
        2,
        3,
        4,
        5,
        6
      ],
      "position": [
        0,
        0,
        0
      ],
      "quat": [
        0,
        0,
        0,
        1
      ],
      "path": ""
    },
    {
      "name": "Spider_Eyes",
      "scale": [
        1,
        1,
        1
      ],
      "mesh": 1,
      "skin": 0,
      "parent": null,
      "position": [
        1.86264493412525e-11,
        0.000121114855573978,
        -0.020502720028162
      ],
      "quat": [
        0,
        0,
        0,
        1
      ],
      "path": "Spider_Eyes"
    },
    {
      "name": "Spider",
      "scale": [
        1,
        1,
        1
      ],
      "mesh": 0,
      "skin": 1,
      "parent": null,
      "position": [
        1.86264493412525e-11,
        0.000121114855573978,
        -0.020502720028162
      ],
      "quat": [
        0,
        0,
        0,
        1
      ],
      "path": "Spider"
    },
    {
      "name": "Spider_teeth",
      "scale": [
        1,
        1,
        1
      ],
      "mesh": 2,
      "skin": 2,
      "parent": null,
      "position": [
        1.86264493412525e-11,
        0.000121114855573978,
        -0.020502720028162
      ],
      "quat": [
        0,
        0,
        0,
        1
      ],
      "path": "Spider_teeth"
    },
    {
      "name": "Spider_Fur",
      "scale": [
        1,
        1,
        1
      ],
      "mesh": 3,
      "skin": 3,
      "parent": null,
      "position": [
        1.86264493412525e-11,
        0.000121114855573978,
        -0.020502720028162
      ],
      "quat": [
        0,
        0,
        0,
        1
      ],
      "path": "Spider_Fur"
    },
    {
      "name": "Hemi",
      "scale": [
        1,
        1,
        1
      ],
      "extensions": {
        "KHR_lights_punctual": {
          "light": 0
        }
      },
      "parent": null,
      "position": [
        -1.14140617847443,
        1.52457022666931,
        -1.23160147666931
      ],
      "quat": [
        -1.04928368216406e-7,
        0,
        0,
        1
      ],
      "path": "Hemi"
    },
    {
      "name": "Spider_Armature",
      "scale": [
        20,
        20,
        20
      ],
      "children": [
        7
      ],
      "parent": null,
      "position": [
        0,
        0.410054385662079,
        -0.00242229690775275
      ],
      "quat": [
        -0.707106828689575,
        0,
        0,
        0.707106709480286
      ],
      "path": "Spider_Armature"
    },
    {
      "name": "Body_003",
      "scale": [
        0.999999940395355,
        0.999999940395355,
        1
      ],
      "children": [
        8,
        43,
        44,
        45,
        46,
        47,
        48,
        49,
        50
      ],
      "parent": null,
      "position": [
        -7.63621943455917e-11,
        -0.000505723932292312,
        -2.38418573772492e-9
      ],
      "quat": [
        0.23127855360508,
        -0.462905377149582,
        -0.534526586532593,
        0.66821414232254
      ],
      "path": "Spider_Armature/Body_003",
      "uniqueBindPose": [
        -1.5314307688640838e-7,
        0.5002363324165344,
        -0.8658888936042786,
        0,
        -0.9284766912460327,
        0.32158297300338745,
        0.18578320741653442,
        0,
        0.37139061093330383,
        0.8039576411247253,
        0.4644576907157898,
        0,
        -0.008196522481739521,
        -0.0162817370146513,
        -0.009406190365552902,
        1
      ]
    },
    {
      "name": "Body_002",
      "scale": [
        1.00000047683716,
        1.00000107288361,
        1.00000035762787
      ],
      "children": [
        9
      ],
      "parent": null,
      "position": [
        0.00227464153431356,
        0.00853804219514132,
        0.00493254931643605
      ],
      "quat": [
        0.188431292772293,
        0.889086842536926,
        0.416842013597488,
        -0.016155106946826
      ],
      "path": "Spider_Armature/Body_003/Body_002",
      "uniqueBindPose": [
        0.000001600380187483097,
        -0.345649778842926,
        0.9383630156517029,
        0,
        0.9999995231628418,
        5.531711622097646e-7,
        -0.0000015017385521787219,
        0,
        2.9475150076750667e-13,
        0.9383622407913208,
        0.3456500470638275,
        0,
        -0.000923283223528415,
        -0.028622569516301155,
        -0.010543249547481537,
        1
      ]
    },
    {
      "name": "Body",
      "scale": [
        1,
        1.00000059604645,
        0.999999523162842
      ],
      "children": [
        10,
        11,
        14,
        17,
        20,
        23,
        26,
        27,
        30,
        33,
        36,
        39,
        42
      ],
      "parent": null,
      "position": [
        0.00795571785420179,
        -0.00938360765576363,
        -0.00345646939240396
      ],
      "quat": [
        7.47373064768908e-7,
        0.571991980075836,
        0.820259213447571,
        -6.13210488609184e-7
      ],
      "path": "Spider_Armature/Body_003/Body_002/Body",
      "uniqueBindPose": [
        0.0000017692750589048956,
        0.9682519435882568,
        -0.24997578561306,
        0,
        -0.9999995231628418,
        0.0000014488174429061473,
        -0.0000014659600537925144,
        0,
        -0.0000010572503015282564,
        0.24997615814208984,
        0.968250572681427,
        0,
        0.008879044093191624,
        -0.005125215742737055,
        -0.019851749762892723,
        1
      ]
    },
    {
      "name": "Body2",
      "scale": [
        1,
        1,
        1
      ],
      "parent": null,
      "position": [
        0.0180000048130751,
        -6.36896491101879e-9,
        -0.00100003543775529
      ],
      "quat": [
        4.02331949089785e-7,
        6.51925688543997e-7,
        -5.61477349947381e-7,
        1
      ],
      "path": "Spider_Armature/Body_003/Body_002/Body/Body2",
      "uniqueBindPose": [
        6.463201884798764e-7,
        0.996201753616333,
        -0.08707352727651596,
        0,
        -0.9999995231628418,
        4.3827580498145835e-7,
        -0.000002408410182397347,
        0,
        -0.000002361102360737277,
        0.08707364648580551,
        0.9962003827095032,
        0,
        -0.009120934642851353,
        -0.0016982012894004583,
        -0.01942857727408409,
        1
      ]
    },
    {
      "name": "v_B1_L",
      "scale": [
        0.999999761581421,
        1.00000023841858,
        1
      ],
      "children": [
        12
      ],
      "parent": null,
      "position": [
        0.00496197072789073,
        -0.00580954737961292,
        -0.00296620070002973
      ],
      "quat": [
        0.174415573477745,
        -0.0615176148712635,
        0.932044804096222,
        -0.311588287353516
      ],
      "path": "Spider_Armature/Body_003/Body_002/Body/v_B1_L",
      "uniqueBindPose": [
        -0.6022889614105225,
        -0.798255443572998,
        -0.0059813400730490685,
        0,
        0.7449821829795837,
        -0.5593705773353577,
        -0.3634628653526306,
        0,
        0.2867908477783203,
        -0.22336600720882416,
        0.9315878748893738,
        0,
        -0.011446458287537098,
        0.001470654853619635,
        -0.01494784839451313,
        1
      ]
    },
    {
      "name": "v_B2_L",
      "scale": [
        0.99999988079071,
        1.00000011920929,
        0.999999940395355
      ],
      "children": [
        13
      ],
      "parent": null,
      "position": [
        0.0159352701157331,
        1.56462187650419e-9,
        -4.65661328941103e-11
      ],
      "quat": [
        0.13349275290966,
        0.26718533039093,
        -0.141893222928047,
        0.94374680519104
      ],
      "path": "Spider_Armature/Body_003/Body_002/Body/v_B1_L/v_B2_L",
      "uniqueBindPose": [
        -0.3319530785083771,
        -0.9429858326911926,
        -0.024180220440030098,
        0,
        0.9155949354171753,
        -0.32826587557792664,
        0.23222020268440247,
        0,
        -0.2269180417060852,
        0.05494702607393265,
        0.9723612666130066,
        0,
        -0.014553985558450222,
        -0.010560594499111176,
        -0.025534573942422867,
        1
      ]
    },
    {
      "name": "v_B3_L",
      "scale": [
        0.999999701976776,
        1,
        0.99999988079071
      ],
      "parent": null,
      "position": [
        0.0184239894151688,
        4.28408364339106e-10,
        2.98023217215615e-10
      ],
      "quat": [
        0.0361456908285618,
        0.253736466169357,
        -0.229185283184052,
        0.939034283161163
      ],
      "path": "Spider_Armature/Body_003/Body_002/Body/v_B1_L/v_B2_L/v_B3_L",
      "uniqueBindPose": [
        0.14617271721363068,
        -0.9892587661743164,
        1.7099991111990676e-7,
        0,
        0.7222773432731628,
        0.10672388970851898,
        0.6833180785179138,
        0,
        -0.6759783029556274,
        -0.09988249838352203,
        0.7301198244094849,
        0,
        -0.00832417793571949,
        -0.022986749187111855,
        -0.03540346771478653,
        1
      ]
    },
    {
      "name": "v2_B1_L",
      "scale": [
        0.999999403953552,
        1.00000047683716,
        1
      ],
      "children": [
        15
      ],
      "parent": null,
      "position": [
        0.00832683686167002,
        -0.00589574268087745,
        -0.00355596095323563
      ],
      "quat": [
        0.370944678783417,
        -0.215605735778809,
        0.759968817234039,
        -0.488222926855087
      ],
      "path": "Spider_Armature/Body_003/Body_002/Body/v2_B1_L",
      "uniqueBindPose": [
        -0.9020242094993591,
        -0.4303041696548462,
        0.03450186550617218,
        0,
        0.2480747401714325,
        -0.582112193107605,
        -0.7743397951126099,
        0,
        0.3532862663269043,
        -0.6899145245552063,
        0.6318265795707703,
        0,
        -0.01144211646169424,
        0.009476286359131336,
        -0.010076411999762058,
        1
      ]
    },
    {
      "name": "v2_B2_L",
      "scale": [
        1,
        1.00000047683716,
        0.999999582767487
      ],
      "children": [
        16
      ],
      "parent": null,
      "position": [
        0.0146889006718993,
        2.23517412911711e-10,
        2.98023217215615e-10
      ],
      "quat": [
        0.570689260959625,
        0.34694430232048,
        -0.10322393476963,
        0.737080872058868
      ],
      "path": "Spider_Armature/Body_003/Body_002/Body/v2_B1_L/v2_B2_L",
      "uniqueBindPose": [
        -0.7922773361206055,
        -0.608748197555542,
        0.04148432984948158,
        0,
        0.5284010767936707,
        -0.6505308151245117,
        0.5455276966094971,
        0,
        -0.3051024079322815,
        0.4541301727294922,
        0.8370643258094788,
        0,
        -0.010631967335939407,
        -0.018977738916873932,
        -0.020024234429001808,
        1
      ]
    },
    {
      "name": "v2_B3_L",
      "scale": [
        1,
        1.00000023841858,
        1
      ],
      "parent": null,
      "position": [
        0.0204818267375231,
        3.42726691471285e-9,
        1.19209286886246e-9
      ],
      "quat": [
        0.153899788856506,
        0.22922308743,
        -0.245253935456276,
        0.929312705993652
      ],
      "path": "Spider_Armature/Body_003/Body_002/Body/v2_B1_L/v2_B2_L/v2_B3_L",
      "uniqueBindPose": [
        -0.39997658133506775,
        -0.9165250062942505,
        -8.371099511350621e-7,
        0,
        0.3863452970981598,
        -0.16860456764698029,
        0.9068121910095215,
        0,
        -0.8311154246330261,
        0.3627040684223175,
        0.4215334355831146,
        0,
        -0.006746714934706688,
        -0.0356501080095768,
        -0.02031615749001503,
        1
      ]
    },
    {
      "name": "v3_B1_L",
      "scale": [
        0.999999463558197,
        1.00000047683716,
        1
      ],
      "children": [
        18
      ],
      "parent": null,
      "position": [
        0.0115221934393048,
        -0.00589574966579676,
        -0.00355596444569528
      ],
      "quat": [
        0.263335675001144,
        -0.392541617155075,
        -0.510405659675598,
        0.718367218971252
      ],
      "path": "Spider_Armature/Body_003/Body_002/Body/v3_B1_L",
      "uniqueBindPose": [
        -0.940057098865509,
        0.3402818739414215,
        0.022366177290678024,
        0,
        -0.17079661786556244,
        -0.5265766978263855,
        0.8327928781509399,
        0,
        0.2951624095439911,
        0.779052197933197,
        0.5531316995620728,
        0,
        -0.010995796881616116,
        -0.012588021345436573,
        -0.007040694355964661,
        1
      ]
    },
    {
      "name": "v3_B2_L",
      "scale": [
        1.00000035762787,
        1.00000071525574,
        0.999999761581421
      ],
      "children": [
        19
      ],
      "parent": null,
      "position": [
        0.0135540254414082,
        1.04308128801023e-9,
        -2.79396755731298e-10
      ],
      "quat": [
        -0.736736059188843,
        0.297584891319275,
        0.0439738892018795,
        0.605581939220428
      ],
      "path": "Spider_Armature/Body_003/Body_002/Body/v3_B1_L/v3_B2_L",
      "uniqueBindPose": [
        -0.9105193614959717,
        0.4124636650085449,
        0.028757652267813683,
        0,
        -0.29115432500839233,
        -0.5902340412139893,
        -0.752894937992096,
        0,
        -0.29356849193573,
        -0.6938992738723755,
        0.6575099229812622,
        0,
        -0.012263703159987926,
        0.01929609663784504,
        -0.016970116645097733,
        1
      ]
    },
    {
      "name": "v3_B3_L",
      "scale": [
        0.999999940395355,
        0.999999940395355,
        0.999999821186066
      ],
      "parent": null,
      "position": [
        0.01820551417768,
        3.57627860658738e-9,
        5.21540644005114e-10
      ],
      "quat": [
        -0.0741259753704071,
        0.083691194653511,
        0.287974804639816,
        0.951089680194855
      ],
      "path": "Spider_Armature/Body_003/Body_002/Body/v3_B1_L/v3_B2_L/v3_B3_L",
      "uniqueBindPose": [
        -0.5317304730415344,
        0.8469128012657166,
        -1.579569470777642e-7,
        0,
        -0.4027785658836365,
        -0.2528834044933319,
        -0.8796687722206116,
        0,
        -0.7450028657913208,
        -0.4677475690841675,
        0.47558438777923584,
        0,
        -0.011232120916247368,
        0.034526895731687546,
        -0.01644478365778923,
        1
      ]
    },
    {
      "name": "v4_B1_L",
      "scale": [
        0.999999701976776,
        1.00000011920929,
        0.999999940395355
      ],
      "children": [
        21
      ],
      "parent": null,
      "position": [
        0.0148304319009185,
        -0.00564327742904425,
        -0.00335539760999382
      ],
      "quat": [
        0.0498905777931213,
        -0.126346781849861,
        -0.363862961530685,
        0.921494007110596
      ],
      "path": "Spider_Armature/Body_003/Body_002/Body/v4_B1_L",
      "uniqueBindPose": [
        -0.6832002997398376,
        0.730230450630188,
        -8.287111086247023e-7,
        0,
        -0.7032817602157593,
        -0.6579868793487549,
        0.2691599726676941,
        0,
        0.19654852151870728,
        0.18389098346233368,
        0.9630942344665527,
        0,
        -0.011411263607442379,
        -0.0029483207035809755,
        -0.014912588521838188,
        1
      ]
    },
    {
      "name": "v4_B2_L",
      "scale": [
        0.999999821186066,
        1,
        0.999999821186066
      ],
      "children": [
        22
      ],
      "parent": null,
      "position": [
        0.0162559058517218,
        1.96741889446628e-9,
        -1.26806299835525e-11
      ],
      "quat": [
        -0.161117732524872,
        0.283626943826675,
        0.220596879720688,
        0.91920280456543
      ],
      "path": "Spider_Armature/Body_003/Body_002/Body/v4_B1_L/v4_B2_L",
      "uniqueBindPose": [
        -0.2773838937282562,
        0.960759162902832,
        -0.000001617300654288556,
        0,
        -0.8878712058067322,
        -0.25634104013442993,
        -0.3820640444755554,
        0,
        -0.36707228422164917,
        -0.10597717016935349,
        0.9241342544555664,
        0,
        -0.012613531202077866,
        0.013791650533676147,
        -0.02544088289141655,
        1
      ]
    },
    {
      "name": "v4_B3_L",
      "scale": [
        0.999999821186066,
        0.999999821186066,
        0.999999940395355
      ],
      "parent": null,
      "position": [
        0.0215301383286715,
        3.50177287167242e-9,
        1.61110158547473e-9
      ],
      "quat": [
        -0.030768446624279,
        0.197300985455513,
        0.123497821390629,
        0.972046256065369
      ],
      "path": "Spider_Armature/Body_003/Body_002/Body/v4_B1_L/v4_B2_L/v4_B3_L",
      "uniqueBindPose": [
        -0.028321746736764908,
        0.999599039554596,
        1.6995629437133175e-7,
        0,
        -0.7006425261497498,
        -0.019851287826895714,
        -0.7132350206375122,
        0,
        -0.7129493355751038,
        -0.020200219005346298,
        0.7009231448173523,
        0,
        -0.017348339781165123,
        0.022238997742533684,
        -0.034751977771520615,
        1
      ]
    },
    {
      "name": "FU_1_L",
      "scale": [
        0.99999988079071,
        1.00000047683716,
        0.999999642372131
      ],
      "children": [
        24
      ],
      "parent": null,
      "position": [
        -0.00183409184683114,
        -0.00538699142634869,
        -0.00161900487728417
      ],
      "quat": [
        8.91561001026275e-7,
        0.729593992233276,
        -0.590588569641113,
        0.344815492630005
      ],
      "path": "Spider_Armature/Body_003/Body_002/Body/FU_1_L",
      "uniqueBindPose": [
        -0.4072880446910858,
        0.30241161584854126,
        -0.861778974533081,
        0,
        0.7622035145759583,
        -0.4072871208190918,
        -0.5031515955924988,
        0,
        -0.5031503438949585,
        -0.8617788553237915,
        -0.0646161139011383,
        0,
        -0.0008582770824432373,
        0.022265983745455742,
        0.0019681230187416077,
        1
      ]
    },
    {
      "name": "FU_2_L",
      "scale": [
        0.999999940395355,
        1.00000035762787,
        0.999999582767487
      ],
      "children": [
        25
      ],
      "parent": null,
      "position": [
        0.00616358127444983,
        -4.47034825823422e-10,
        -3.35276112428673e-10
      ],
      "quat": [
        -0.445376724004745,
        0.186008334159851,
        0.291936725378036,
        0.825719952583313
      ],
      "path": "Spider_Armature/Body_003/Body_002/Body/FU_1_L/FU_2_L",
      "uniqueBindPose": [
        0.2748326361179352,
        0.9349897503852844,
        -0.22418931126594543,
        0,
        0.7360619902610779,
        -0.3546140491962433,
        -0.576593279838562,
        0,
        -0.6186094880104065,
        -0.006550621706992388,
        -0.7856701612472534,
        0,
        0.000590180279687047,
        0.012952284887433052,
        0.019515233114361763,
        1
      ]
    },
    {
      "name": "FU_3_L",
      "scale": [
        1.00000011920929,
        1.00000047683716,
        0.999999642372131
      ],
      "parent": null,
      "position": [
        0.00644929381087422,
        -2.60770322002557e-10,
        -1.34110444971469e-9
      ],
      "quat": [
        -0.462993025779724,
        -0.0883733704686165,
        0.13757461309433,
        0.871149122714996
      ],
      "path": "Spider_Armature/Body_003/Body_002/Body/FU_1_L/FU_2_L/FU_3_L",
      "uniqueBindPose": [
        0.554803192615509,
        0.6416552662849426,
        0.5295946002006531,
        0,
        0.5673580169677734,
        0.17378592491149902,
        -0.8049237728118896,
        0,
        -0.6085199117660522,
        0.7470439672470093,
        -0.2676317095756531,
        0,
        -0.0008625650079920888,
        -0.008382963016629219,
        0.022625595331192017,
        1
      ]
    },
    {
      "name": "Zahn_L",
      "scale": [
        0.999999940395355,
        1,
        0.999999940395355
      ],
      "parent": null,
      "position": [
        -0.00505672814324498,
        -0.00233563571237028,
        -0.0020259628072381
      ],
      "quat": [
        -0.418876826763153,
        0.117355823516846,
        0.896233260631561,
        0.0868088006973267
      ],
      "path": "Spider_Armature/Body_003/Body_002/Body/Zahn_L",
      "uniqueBindPose": [
        0.057285431772470474,
        -0.9573834538459778,
        0.2830812633037567,
        0,
        0.6340128779411316,
        0.25391682982444763,
        0.7304465174674988,
        0,
        -0.7711960673332214,
        0.1376335322856903,
        0.6215397715568542,
        0,
        0.005547549109905958,
        -0.008317642845213413,
        -0.021002192050218582,
        1
      ]
    },
    {
      "name": "v_B1_R",
      "scale": [
        0.999999701976776,
        0.99999988079071,
        0.999999940395355
      ],
      "children": [
        28
      ],
      "parent": null,
      "position": [
        0.0049619940109551,
        0.00580955250188708,
        -0.0029661909211427
      ],
      "quat": [
        0.172075822949409,
        0.0545298866927624,
        0.932479023933411,
        0.312888592481613
      ],
      "path": "Spider_Armature/Body_003/Body_002/Body/v_B1_R",
      "uniqueBindPose": [
        0.6022893190383911,
        -0.7982555031776428,
        -0.005984965246170759,
        0,
        0.744981586933136,
        0.5647562146186829,
        -0.3550385534763336,
        0,
        0.2867918312549591,
        0.20937766134738922,
        0.934830904006958,
        0,
        -0.011446499265730381,
        -0.001246407744474709,
        -0.0149682043120265,
        1
      ]
    },
    {
      "name": "v_B2_R",
      "scale": [
        0.999999940395355,
        1,
        1.00000011920929
      ],
      "children": [
        29
      ],
      "parent": null,
      "position": [
        0.0159352757036686,
        2.60770316451442e-9,
        5.12227427140743e-10
      ],
      "quat": [
        -0.150590375065804,
        0.262338697910309,
        0.150665625929832,
        0.941169917583466
      ],
      "path": "Spider_Armature/Body_003/Body_002/Body/v_B1_R/v_B2_R",
      "uniqueBindPose": [
        0.3319534957408905,
        -0.9429857134819031,
        -0.024178218096494675,
        0,
        0.9155950546264648,
        0.31593409180641174,
        0.24873729050159454,
        0,
        -0.22691713273525238,
        -0.10470687597990036,
        0.9682677984237671,
        0,
        -0.014554016292095184,
        0.011855368502438068,
        -0.024959811940789223,
        1
      ]
    },
    {
      "name": "v_B3_R",
      "scale": [
        0.999999761581421,
        0.999999940395355,
        1
      ],
      "parent": null,
      "position": [
        0.0184239614754915,
        1.80676573702243e-9,
        1.49011608607807e-10
      ],
      "quat": [
        -0.012064284645021,
        0.247777417302132,
        0.235613912343979,
        0.939652562141418
      ],
      "path": "Spider_Armature/Body_003/Body_002/Body/v_B1_R/v_B2_R/v_B3_R",
      "uniqueBindPose": [
        -0.14617197215557098,
        -0.9892595410346985,
        -1.8798574785705569e-7,
        0,
        0.7222790122032166,
        -0.10672369599342346,
        0.683316171169281,
        0,
        -0.6759764552116394,
        0.09988178312778473,
        0.7301216125488281,
        0,
        -0.008324222639203072,
        0.02298680506646633,
        -0.035403452813625336,
        1
      ]
    },
    {
      "name": "v2_B1_R",
      "scale": [
        0.999999642372131,
        1.00000047683716,
        1
      ],
      "children": [
        31
      ],
      "parent": null,
      "position": [
        0.00832686107605696,
        0.00589574128389359,
        -0.00355595257133245
      ],
      "quat": [
        0.408779233694077,
        0.275652974843979,
        0.740305185317993,
        0.457015544176102
      ],
      "path": "Spider_Armature/Body_003/Body_002/Body/v2_B1_R",
      "uniqueBindPose": [
        0.9020236730575562,
        -0.4303048253059387,
        0.034498877823352814,
        0,
        0.24807333946228027,
        0.4512975215911865,
        -0.8571979403495789,
        0,
        0.35328760743141174,
        0.7817716598510742,
        0.5138280987739563,
        0,
        -0.011442177928984165,
        -0.010960711166262627,
        -0.008437788113951683,
        1
      ]
    },
    {
      "name": "v2_B2_R",
      "scale": [
        1.00000011920929,
        1.00000035762787,
        0.999999582767487
      ],
      "children": [
        32
      ],
      "parent": null,
      "position": [
        0.0146888988092542,
        1.63912772244146e-9,
        -2.98023217215615e-10
      ],
      "quat": [
        -0.579468071460724,
        0.358375310897827,
        0.0509176999330521,
        0.730199456214905
      ],
      "path": "Spider_Armature/Body_003/Body_002/Body/v2_B1_R/v2_B2_R",
      "uniqueBindPose": [
        0.7922782897949219,
        -0.608747124671936,
        0.04148285463452339,
        0,
        0.528401255607605,
        0.7185252904891968,
        0.45222997665405273,
        0,
        -0.3051007091999054,
        -0.3363726735115051,
        0.8909348845481873,
        0,
        -0.010632042773067951,
        0.01608576439321041,
        -0.022413691505789757,
        1
      ]
    },
    {
      "name": "v2_B3_R",
      "scale": [
        0.999999761581421,
        1.00000011920929,
        0.999999821186066
      ],
      "parent": null,
      "position": [
        0.0204817913472652,
        3.57627860658738e-9,
        -4.47034825823422e-10
      ],
      "quat": [
        -0.216727390885353,
        0.245367303490639,
        0.229101598262787,
        0.916698753833771
      ],
      "path": "Spider_Armature/Body_003/Body_002/Body/v2_B1_R/v2_B2_R/v2_B3_R",
      "uniqueBindPose": [
        0.3999783992767334,
        -0.916523814201355,
        1.9966923048286844e-7,
        0,
        0.38634565472602844,
        0.16860467195510864,
        0.9068123698234558,
        0,
        -0.8311150670051575,
        -0.3627054989337921,
        0.4215337634086609,
        0,
        -0.006746724247932434,
        0.035650137811899185,
        -0.02031613513827324,
        1
      ]
    },
    {
      "name": "v3_B1_R",
      "scale": [
        0.999999284744263,
        1.00000047683716,
        1
      ],
      "children": [
        34
      ],
      "parent": null,
      "position": [
        0.0115222129970789,
        0.00589573383331299,
        -0.00355595722794533
      ],
      "quat": [
        -0.309886485338211,
        -0.425173610448837,
        0.483557522296906,
        0.699549794197083
      ],
      "path": "Spider_Armature/Body_003/Body_002/Body/v3_B1_R",
      "uniqueBindPose": [
        0.9400562047958374,
        0.3402838706970215,
        0.022368622943758965,
        0,
        -0.17079778015613556,
        0.41303542256355286,
        0.8945550322532654,
        0,
        0.2951640486717224,
        -0.8447521924972534,
        0.44639670848846436,
        0,
        -0.010995868593454361,
        0.013401287607848644,
        -0.0053323847241699696,
        1
      ]
    },
    {
      "name": "v3_B2_R",
      "scale": [
        0.999999821186066,
        1.00000059604645,
        0.999999582767487
      ],
      "children": [
        35
      ],
      "parent": null,
      "position": [
        0.0135540161281824,
        6.33299357399864e-10,
        5.9604643443123e-10
      ],
      "quat": [
        0.734323918819427,
        0.300796538591385,
        -0.00344740296714008,
        0.608504712581635
      ],
      "path": "Spider_Armature/Body_003/Body_002/Body/v3_B1_R/v3_B2_R",
      "uniqueBindPose": [
        0.9105200171470642,
        0.4124637842178345,
        0.028756465762853622,
        0,
        -0.291156142950058,
        0.6890032291412354,
        -0.6637023687362671,
        0,
        -0.29356712102890015,
        0.5959421396255493,
        0.7474420070648193,
        0,
        -0.012263774871826172,
        -0.016754454001784325,
        -0.01948365569114685,
        1
      ]
    },
    {
      "name": "v3_B3_R",
      "scale": [
        0.999999761581421,
        1.00000023841858,
        0.99999988079071
      ],
      "parent": null,
      "position": [
        0.0182055104523897,
        3.27825544488292e-9,
        -7.45058043039037e-11
      ],
      "quat": [
        0.140098080039024,
        0.10351836681366,
        -0.281456410884857,
        0.943630635738373
      ],
      "path": "Spider_Armature/Body_003/Body_002/Body/v3_B1_R/v3_B2_R/v3_B3_R",
      "uniqueBindPose": [
        0.5317306518554688,
        0.8469130992889404,
        -0.0000010178504226132645,
        0,
        -0.40278059244155884,
        0.25288304686546326,
        -0.8796682357788086,
        0,
        -0.7450028657913208,
        0.4677474796772003,
        0.47558578848838806,
        0,
        -0.011232119984924793,
        -0.03452693298459053,
        -0.016444817185401917,
        1
      ]
    },
    {
      "name": "v4_B1_R",
      "scale": [
        0.999999642372131,
        1.00000023841858,
        0.999999940395355
      ],
      "children": [
        37
      ],
      "parent": null,
      "position": [
        0.0148304486647248,
        0.00564324948936701,
        -0.00335538852959871
      ],
      "quat": [
        -0.0498901568353176,
        -0.126346975564957,
        0.363861083984375,
        0.921494722366333
      ],
      "path": "Spider_Armature/Body_003/Body_002/Body/v4_B1_R",
      "uniqueBindPose": [
        0.6832000017166138,
        0.7302307486534119,
        1.3776023877198895e-7,
        0,
        -0.7032817006111145,
        0.6579868793487549,
        0.26916003227233887,
        0,
        0.19654902815818787,
        -0.18389050662517548,
        0.963094174861908,
        0,
        -0.011411298997700214,
        0.0029482790268957615,
        -0.014912589453160763,
        1
      ]
    },
    {
      "name": "v4_B2_R",
      "scale": [
        0.99999988079071,
        1.00000035762787,
        0.99999988079071
      ],
      "children": [
        38
      ],
      "parent": null,
      "position": [
        0.0162559095770121,
        3.42261041730296e-9,
        1.77894879382912e-10
      ],
      "quat": [
        0.161117404699326,
        0.283626466989517,
        -0.220596700906754,
        0.919203102588654
      ],
      "path": "Spider_Armature/Body_003/Body_002/Body/v4_B1_R/v4_B2_R",
      "uniqueBindPose": [
        0.2773840129375458,
        0.9607588648796082,
        0.0000012669428315348341,
        0,
        -0.8878716826438904,
        0.25634104013442993,
        -0.3820628523826599,
        0,
        -0.36707115173339844,
        0.10597717016935349,
        0.9241345524787903,
        0,
        -0.012613571248948574,
        -0.013791695237159729,
        -0.02544087916612625,
        1
      ]
    },
    {
      "name": "v4_B3_R",
      "scale": [
        1,
        1.00000011920929,
        1
      ],
      "parent": null,
      "position": [
        0.0215301290154457,
        -1.19209286886246e-9,
        1.61501012563292e-9
      ],
      "quat": [
        0.0307685006409883,
        0.197301402688026,
        -0.123497813940048,
        0.972046136856079
      ],
      "path": "Spider_Armature/Body_003/Body_002/Body/v4_B1_R/v4_B2_R/v4_B3_R",
      "uniqueBindPose": [
        0.028321541845798492,
        0.9995986223220825,
        3.775724621846166e-9,
        0,
        -0.7006425261497498,
        0.019851263612508774,
        -0.7132349014282227,
        0,
        -0.7129492163658142,
        0.02019994519650936,
        0.7009232044219971,
        0,
        -0.017348313704133034,
        -0.022239042446017265,
        -0.034752007573843,
        1
      ]
    },
    {
      "name": "FU_1_R",
      "scale": [
        0.99999988079071,
        1.00000047683716,
        0.999999523162842
      ],
      "children": [
        40
      ],
      "parent": null,
      "position": [
        -0.0018340761307627,
        0.00538702635094523,
        -0.00161899707745761
      ],
      "quat": [
        0.325366854667664,
        0.798855602741241,
        -0.492879450321198,
        0.114175230264664
      ],
      "path": "Spider_Armature/Body_003/Body_002/Body/FU_1_R",
      "uniqueBindPose": [
        0.4072912037372589,
        0.3024114668369293,
        -0.8617773056030273,
        0,
        0.762201189994812,
        -0.6323899030685425,
        0.1383141726255417,
        0,
        -0.5031517148017883,
        -0.713182270526886,
        -0.4880657196044922,
        0,
        -0.0008582686423324049,
        0.018613301217556,
        0.01237714383751154,
        1
      ]
    },
    {
      "name": "FU_2_R",
      "scale": [
        0.999999940395355,
        1.00000047683716,
        0.999999463558197
      ],
      "children": [
        41
      ],
      "parent": null,
      "position": [
        0.00616357708349824,
        2.98023217215615e-10,
        7.45058015283462e-10
      ],
      "quat": [
        -0.452515721321106,
        -0.271445482969284,
        -0.214812189340591,
        0.821828842163086
      ],
      "path": "Spider_Armature/Body_003/Body_002/Body/FU_1_R/FU_2_R",
      "uniqueBindPose": [
        -0.2748323678970337,
        0.9349903464317322,
        -0.22418732941150665,
        0,
        0.7360624670982361,
        0.05458123981952667,
        -0.6747083067893982,
        0,
        -0.6186091303825378,
        -0.3504481315612793,
        -0.7032122611999512,
        0,
        0.0005901947151869535,
        -0.0026942065451294184,
        0.023266887292265892,
        1
      ]
    },
    {
      "name": "FU_3_R",
      "scale": [
        0.999999761581421,
        1.00000047683716,
        0.999999523162842
      ],
      "parent": null,
      "position": [
        0.00644928868860006,
        -2.23517412911711e-10,
        -7.45058015283462e-10
      ],
      "quat": [
        -0.417383462190628,
        -0.0189757477492094,
        -0.162409663200378,
        0.893898248672485
      ],
      "path": "Spider_Armature/Body_003/Body_002/Body/FU_1_R/FU_2_R/FU_3_R",
      "uniqueBindPose": [
        -0.554804265499115,
        0.6416518092155457,
        0.5295979976654053,
        0,
        0.5673568844795227,
        0.7573708891868591,
        -0.32325637340545654,
        0,
        -0.6085202097892761,
        0.12112719565629959,
        -0.7842385768890381,
        0,
        -0.0008624797919765115,
        -0.020625675097107887,
        0.012520930729806423,
        1
      ]
    },
    {
      "name": "Zahn_R",
      "scale": [
        0.999999701976776,
        1,
        0.999999642372131
      ],
      "parent": null,
      "position": [
        -0.00505672488361597,
        0.00233568297699094,
        -0.00202595954760909
      ],
      "quat": [
        -0.426299810409546,
        0.141587108373642,
        0.892725765705109,
        0.0355277061462402
      ],
      "path": "Spider_Armature/Body_003/Body_002/Body/Zahn_R",
      "uniqueBindPose": [
        -0.05728604644536972,
        -0.9573830962181091,
        0.28308260440826416,
        0,
        0.634012758731842,
        0.18414455652236938,
        0.7510774731636047,
        0,
        -0.7711964845657349,
        0.22250454127788544,
        0.5964447855949402,
        0,
        0.0055475602857768536,
        -0.004441212397068739,
        -0.02214839868247509,
        1
      ]
    },
    {
      "name": "v_B3_L_001",
      "scale": [
        1.00000023841858,
        1.00000011920929,
        1.00000011920929
      ],
      "parent": null,
      "position": [
        -0.0549929030239582,
        -0.00810985919088125,
        0.0159346349537373
      ],
      "quat": [
        -0.454497456550598,
        -0.241691291332245,
        -0.664518535137177,
        0.541694104671478
      ],
      "path": "Spider_Armature/Body_003/v_B3_L_001",
      "uniqueBindPose": [
        -0.9999997615814209,
        3.787785374242958e-7,
        0.0000011784738944697892,
        0,
        -3.4177128327428363e-7,
        -0.9995115399360657,
        0.031245702877640724,
        0,
        0.000001189733438877738,
        0.031245702877640724,
        0.9995115399360657,
        0,
        -0.017854442819952965,
        0.050730399787425995,
        -0.002546173520386219,
        1
      ]
    },
    {
      "name": "v2_B3_L_001",
      "scale": [
        0.999999940395355,
        1.00000011920929,
        1
      ],
      "parent": null,
      "position": [
        -0.0283838957548141,
        -0.0299119986593723,
        0.0319758057594299
      ],
      "quat": [
        -0.454497069120407,
        -0.241691783070564,
        -0.664519131183624,
        0.541693449020386
      ],
      "path": "Spider_Armature/Body_003/v2_B3_L_001",
      "uniqueBindPose": [
        -1,
        -0.0000016263134057226125,
        9.429870715393918e-7,
        0,
        0.0000016549842030144646,
        -0.9995115399360657,
        0.031246088445186615,
        0,
        8.917107265915547e-7,
        0.031246086582541466,
        0.99951171875,
        0,
        -0.04265059530735016,
        0.022013597190380096,
        -0.0014531397027894855,
        1
      ]
    },
    {
      "name": "v3_B3_L_001",
      "scale": [
        0.999999821186066,
        1,
        1
      ],
      "parent": null,
      "position": [
        0.00906090531498194,
        -0.044458769261837,
        0.0272141396999359
      ],
      "quat": [
        -0.454496949911118,
        -0.241691306233406,
        -0.664518892765045,
        0.541694104671478
      ],
      "path": "Spider_Armature/Body_003/v3_B3_L_001",
      "uniqueBindPose": [
        -1.0000001192092896,
        -3.212443289157818e-7,
        2.462174393258465e-7,
        0,
        3.287807714968949e-7,
        -0.9995117783546448,
        0.03124607726931572,
        0,
        2.3605956300798425e-7,
        0.03124607726931572,
        0.9995117783546448,
        0,
        -0.04580431431531906,
        -0.01829591393470764,
        -0.000193106010556221,
        1
      ]
    },
    {
      "name": "v4_B3_L_001",
      "scale": [
        0.99999988079071,
        1,
        1
      ],
      "parent": null,
      "position": [
        0.0366294197738171,
        -0.0426924414932728,
        0.00211225682869554
      ],
      "quat": [
        -0.454496890306473,
        -0.241691529750824,
        -0.664519011974335,
        0.541693866252899
      ],
      "path": "Spider_Armature/Body_003/v4_B3_L_001",
      "uniqueBindPose": [
        -1.0000001192092896,
        -0.0000010268388450640487,
        5.664441005137633e-7,
        0,
        0.0000010440367077535484,
        -0.9995117783546448,
        0.031246045604348183,
        0,
        5.340829147826298e-7,
        0.031246043741703033,
        0.9995118379592896,
        0,
        -0.02318524569272995,
        -0.0479736253619194,
        0.0007346784695982933,
        1
      ]
    },
    {
      "name": "v_B3_R_001",
      "scale": [
        0.999999940395355,
        0.999999940395355,
